[1359936000000,1.01],
[1360022400000,0.95],
[1360108800000,1.21],
[1360195200000,0.54],
[1360281600000,0.53],
[1360540800000,1.21],
[1360627200000,1.11],
[1360713600000,1.02],
[1360800000000,0.87],
[1360886400000,0.84],
[1361232000000,1.19],
[1361318400000,1.05],
[1361404800000,1.24],
[1361491200000,1.09],
[1361750400000,1.38],
[1361836800000,0.66],
[1361923200000,0.88],
[1362009600000,0.87],
[1362096000000,0.97],
[1362355200000,1.02],
[1362441600000,1.34],
[1362528000000,0.67],
[1362614400000,1.45],
[1362700800000,1.39],
[1362960000000,1.22],
[1363046400000,0.87],
[1363132800000,1.28],
[1363219200000,1.32],
[1363305600000,1.44],
[1363564800000,0.96],
[1363651200000,1.04],
[1363737600000,1.13],
[1363824000000,1.31],
[1363910400000,0.54],
[1364169600000,0.87],
[1364256000000,1.06],
[1364342400000,1.15],
[1364428800000,1.43],
[1364774400000,1.32],
[1364860800000,1.29],
[1364947200000,1.10],
[1365033600000,1.10],
[1365120000000,1.32],
[1365379200000,1.24],
[1365465600000,1.28],
[1365552000000,0.99],
[1365638400000,0.82],
[1365724800000,1.12],
[1365984000000,1.34],
[1366070400000,1.03],
[1366156800000,1.12],
[1366243200000,0.95],
[1366329600000,0.90],
[1366588800000,1.06],
[1366675200000,1.11],
[1366761600000,1.26],
[1366848000000,1.32],
[1366934400000,1.45],
[1367193600000,1.58],
[1367280000000,0.97],
[1367366400000,1.04],
[1367452800000,1.17],
[1367539200000,1.28],
[1367798400000,1.21],
[1367884800000,1.19],
[1367971200000,1.27],
[1368057600000,1.09],
[1368144000000,1.31]