[1335830400000,5.197],
[1335916800000,4.862],
[1336003200000,5.974],
[1336089600000,6.467],
[1336348800000,5.641],
[1336435200000,5.827],
[1336521600000,3.118],
[1336608000000,5.100],
[1336694400000,4.351],
[1336953600000,5.059],
[1337040000000,5.541],
[1337126400000,4.117],
[1337212800000,5.958],
[1337299200000,6.365],
[1337558400000,4.387],
[1337644800000,4.081],
[1337731200000,4.710],
[1337817600000,5.792],
[1337904000000,6.203],
[1338249600000,6.415],
[1338336000000,3.207],
[1338422400000,3.568],
[1338508800000,5.634],
[1338768000000,5.266],
[1338854400000,4.016],
[1338940800000,4.381],
[1339027200000,4.379],
[1339113600000,3.504],
[1339372800000,6.121],
[1339459200000,3.056],
[1339545600000,4.014],
[1339632000000,5.108],
[1339718400000,5.403],
[1339977600000,4.775],
[1340064000000,5.774],
[1340150400000,3.961],
[1340236800000,5.104],
[1340323200000,5.015],
[1340582400000,3.094],
[1340668800000,6.314],
[1340755200000,4.895],
[1340841600000,5.714],
[1340928000000,4.102],
[1341187200000,4.537],
[1341273600000,4.325],
[1341446400000,5.317],
[1341532800000,4.596],
[1341792000000,6.278],
[1341878400000,4.085],
[1341964800000,3.576],
[1342051200000,4.303],
[1342137600000,4.381],
[1342396800000,6.282],
[1342483200000,4.759],
[1342569600000,6.216],
[1342656000000,3.440],
[1342742400000,6.399],
[1343001600000,3.744],
[1343088000000,5.090],
[1343174400000,3.710],
[1343260800000,5.978],
[1343347200000,3.743],
[1343606400000,6.409],
[1343692800000,3.678],
[1343779200000,4.778],
[1343865600000,4.399],
[1343952000000,3.461],
[1344211200000,5.217],
[1344297600000,4.207],
[1344384000000,4.151],
[1344470400000,4.612],
[1344556800000,5.955],
[1344816000000,5.922],
[1344902400000,5.950],
[1344988800000,5.071],
[1345075200000,5.845],
[1345161600000,5.873],
[1345420800000,3.003],
[1345507200000,5.022],
[1345593600000,5.886],
[1345680000000,5.159],
[1345766400000,6.351],
[1346025600000,5.103],
[1346112000000,5.945],
[1346198400000,5.099],
[1346284800000,4.830],
[1346371200000,3.765],
[1346716800000,3.890],
[1346803200000,3.378],
[1346889600000,6.421],
[1346976000000,3.907],
[1347235200000,3.092],
[1347321600000,6.312],
[1347408000000,6.236],
[1347494400000,3.138],
[1347580800000,4.797],
[1347840000000,3.592],
[1347926400000,6.337],
[1348012800000,4.477],
[1348099200000,4.242],
[1348185600000,3.220],
[1348444800000,3.538],
[1348531200000,3.350],
[1348617600000,3.263],
[1348704000000,6.329],
[1348790400000,4.614],
[1349049600000,4.238],
[1349136000000,4.353],
[1349222400000,3.851],
[1349308800000,5.072],
[1349395200000,4.510],
[1349654400000,4.797],
[1349740800000,4.675],
[1349827200000,5.491],
[1349913600000,5.408],
[1350000000000,5.304],
[1350259200000,3.376],
[1350345600000,3.518],
[1350432000000,5.137],
[1350518400000,3.265],
[1350604800000,4.119],
[1350864000000,3.450],
[1350950400000,5.602],
[1351036800000,4.491],
[1351123200000,4.759],
[1351209600000,3.900],
[1351641600000,5.485],
[1351728000000,3.472],
[1351814400000,5.066],
[1352073600000,5.413],
[1352160000000,4.919],
[1352246400000,4.212],
[1352332800000,3.079],
[1352419200000,4.051],
[1352678400000,5.261],
[1352764800000,6.250],
[1352851200000,3.701],
[1352937600000,4.658],
[1353024000000,4.941],
[1353283200000,3.338],
[1353369600000,5.309],
[1353456000000,4.128],
[1353628800000,6.061],
[1353888000000,4.772],
[1353974400000,4.737],
[1354060800000,4.309],
[1354147200000,3.390],
[1354233600000,5.425],
[1354492800000,3.140],
[1354579200000,4.920],
[1354665600000,6.024],
[1354752000000,5.455],
[1354838400000,4.651],
[1355097600000,6.458],
[1355184000000,6.257],
[1355270400000,5.463],
[1355356800000,6.222],
[1355443200000,4.243],
[1355702400000,3.718],
[1355788800000,5.156],
[1355875200000,5.950],
[1355961600000,3.802],
[1356048000000,5.351],
[1356307200000,5.588],
[1356480000000,5.109],
[1356566400000,4.959],
[1356652800000,5.393],
[1356912000000,3.309],
[1357084800000,4.355],
[1357171200000,3.985],
[1357257600000,5.599],
[1357516800000,3.111],
[1357603200000,4.210],
[1357689600000,4.149],
[1357776000000,5.924],
[1357862400000,3.388],
[1358121600000,6.184],
[1358208000000,6.229],
[1358294400000,3.678],
[1358380800000,5.425],
[1358467200000,3.465],
[1358812800000,6.278],
[1358899200000,3.757],
[1358985600000,3.110],
[1359072000000,4.522],
[1359331200000,5.712],
[1359417600000,6.016],
[1359504000000,5.609],
[1359590400000,3.182],
[1359676800000,5.581],
[1359936000000,3.993],
[1360022400000,4.910],
[1360108800000,5.904],
[1360195200000,5.154],
[1360281600000,4.793],
[1360540800000,6.248],
[1360627200000,4.139],
[1360713600000,3.233],
[1360800000000,4.600],
[1360886400000,3.671],
[1361232000000,3.289],
[1361318400000,3.732],
[1361404800000,3.416],
[1361491200000,5.448],
[1361750400000,4.814],
[1361836800000,6.071],
[1361923200000,5.353],
[1362009600000,5.458],
[1362096000000,4.221],
[1362355200000,5.603],
[1362441600000,6.116],
[1362528000000,3.640],
[1362614400000,5.432],
[1362700800000,4.976],
[1362960000000,5.165],
[1363046400000,3.129],
[1363132800000,5.670],
[1363219200000,5.008],
[1363305600000,4.563],
[1363564800000,5.659],
[1363651200000,4.926],
[1363737600000,3.753],
[1363824000000,6.130],
[1363910400000,4.601],
[1364169600000,3.728],
[1364256000000,3.021],
[1364342400000,3.348],
[1364428800000,4.793],
[1364774400000,5.546],
[1364860800000,6.221],
[1364947200000,3.479],
[1365033600000,5.368],
[1365120000000,6.447],
[1365379200000,5.161],
[1365465600000,4.664],
[1365552000000,4.148],
[1365638400000,3.535],
[1365724800000,3.151],
[1365984000000,4.291],
[1366070400000,4.638],
[1366156800000,4.651],
[1366243200000,3.493],
[1366329600000,5.938],
[1366588800000,4.945],
[1366675200000,3.779],
[1366761600000,6.376],
[1366848000000,3.988],
[1366934400000,3.567],
[1367193600000,5.218],
[1367280000000,5.007],
[1367366400000,4.509],
[1367452800000,6.162],
[1367539200000,5.249],
[1367798400000,4.608],
[1367884800000,5.282],
[1367971200000,5.642],
[1368057600000,3.665],
[1368144000000,3.651]