[1359936000000,11.94],
[1360022400000,11.89],
[1360108800000,12.18],
[1360195200000,12.04],
[1360281600000,12.52],
[1360540800000,11.93],
[1360627200000,11.85],
[1360713600000,12.03],
[1360800000000,12.14],
[1360886400000,12.14],
[1361232000000,12.07],
[1361318400000,12.87],
[1361404800000,12.27],
[1361491200000,12.41],
[1361750400000,12.38],
[1361836800000,11.94],
[1361923200000,11.53],
[1362009600000,11.57],
[1362096000000,11.62],
[1362355200000,11.69],
[1362441600000,12.31],
[1362528000000,12.21],
[1362614400000,12.19],
[1362700800000,11.90],
[1362960000000,12.21],
[1363046400000,11.89],
[1363132800000,12.15],
[1363219200000,12.24],
[1363305600000,12.37],
[1363564800000,12.36],
[1363651200000,12.38],
[1363737600000,12.22],
[1363824000000,12.40],
[1363910400000,12.41],
[1364169600000,12.35],
[1364256000000,12.38],
[1364342400000,12.16],
[1364428800000,12.31],
[1364774400000,12.34],
[1364860800000,12.29],
[1364947200000,12.30],
[1365033600000,12.34],
[1365120000000,12.37],
[1365379200000,12.36],
[1365465600000,12.40],
[1365552000000,12.28],
[1365638400000,12.29],
[1365724800000,12.41],
[1365984000000,12.43],
[1366070400000,12.42],
[1366156800000,12.46],
[1366243200000,12.48],
[1366329600000,12.54],
[1366588800000,12.56],
[1366675200000,12.57],
[1366761600000,12.43],
[1366848000000,12.31],
[1366934400000,12.35],
[1367193600000,12.45],
[1367280000000,12.46],
[1367366400000,12.44],
[1367452800000,12.50],
[1367539200000,12.49],
[1367798400000,12.51],
[1367884800000,12.50],
[1367971200000,12.52],
[1368057600000,12.49],
[1368144000000,12.53]