[1359936000000,1.94],
[1360022400000,1.89],
[1360108800000,2.18],
[1360195200000,2.04],
[1360281600000,2.52],
[1360540800000,1.93],
[1360627200000,1.85],
[1360713600000,2.03],
[1360800000000,2.14],
[1360886400000,2.14],
[1361232000000,2.07],
[1361318400000,2.87],
[1361404800000,2.27],
[1361491200000,2.41],
[1361750400000,2.38],
[1361836800000,1.94],
[1361923200000,1.53],
[1362009600000,1.57],
[1362096000000,1.62],
[1362355200000,1.69],
[1362441600000,2.31],
[1362528000000,2.21],
[1362614400000,2.19],
[1362700800000,1.90],
[1362960000000,2.21],
[1363046400000,1.89],
[1363132800000,2.15],
[1363219200000,2.24],
[1363305600000,2.37],
[1363564800000,2.36],
[1363651200000,2.38],
[1363737600000,2.22],
[1363824000000,2.40],
[1363910400000,2.41],
[1364169600000,2.35],
[1364256000000,2.38],
[1364342400000,2.16],
[1364428800000,2.31],
[1364774400000,2.34],
[1364860800000,2.29],
[1364947200000,2.30],
[1365033600000,2.34],
[1365120000000,2.37],
[1365379200000,2.36],
[1365465600000,2.40],
[1365552000000,2.28],
[1365638400000,2.29],
[1365724800000,2.41],
[1365984000000,2.43],
[1366070400000,2.42],
[1366156800000,2.46],
[1366243200000,2.48],
[1366329600000,2.54],
[1366588800000,2.56],
[1366675200000,2.57],
[1366761600000,2.43],
[1366848000000,2.31],
[1366934400000,2.35],
[1367193600000,2.45],
[1367280000000,2.46],
[1367366400000,2.44],
[1367452800000,2.50],
[1367539200000,2.49],
[1367798400000,2.51],
[1367884800000,2.50],
[1367971200000,2.52],
[1368057600000,2.49],
[1368144000000,2.53]