[1359936000000,38.94],
[1360022400000,40.89],
[1360108800000,41.18],
[1360195200000,42.04],
[1360281600000,38.52],
[1360540800000,42.93],
[1360627200000,40.85],
[1360713600000,40.03],
[1360800000000,40.14],
[1360886400000,42.14],
[1361232000000,42.07],
[1361318400000,41.87],
[1361404800000,39.27],
[1361491200000,39.41],
[1361750400000,40.38],
[1361836800000,41.94],
[1361923200000,39.53],
[1362009600000,39.57],
[1362096000000,40.62],
[1362355200000,41.69],
[1362441600000,39.31],
[1362528000000,39.21],
[1362614400000,40.19],
[1362700800000,38.90],
[1362960000000,39.21],
[1363046400000,41.89],
[1363132800000,39.15],
[1363219200000,41.24],
[1363305600000,41.37],
[1363564800000,39.36],
[1363651200000,41.38],
[1363737600000,41.22],
[1363824000000,40.40],
[1363910400000,42.41],
[1364169600000,38.35],
[1364256000000,41.38],
[1364342400000,40.16],
[1364428800000,40.31],
[1364774400000,39.34],
[1364860800000,41.29],
[1364947200000,38.30],
[1365033600000,41.34],
[1365120000000,42.37],
[1365379200000,40.36],
[1365465600000,42.40],
[1365552000000,42.28],
[1365638400000,42.29],
[1365724800000,39.41],
[1365984000000,41.43],
[1366070400000,39.42],
[1366156800000,39.46],
[1366243200000,38.48],
[1366329600000,40.54],
[1366588800000,38.56],
[1366675200000,42.57],
[1366761600000,40.43],
[1366848000000,38.31],
[1366934400000,42.35],
[1367193600000,40.45],
[1367280000000,38.46],
[1367366400000,41.44],
[1367452800000,38.50],
[1367539200000,38.49],
[1367798400000,40.51],
[1367884800000,40.50],
[1367971200000,41.52],
[1368057600000,42.49],
[1368144000000,39.53]