[1335830400000,51],
[1335916800000,48],
[1336003200000,59],
[1336089600000,64],
[1336348800000,56],
[1336435200000,58],
[1336521600000,31],
[1336608000000,51],
[1336694400000,43],
[1336953600000,50],
[1337040000000,55],
[1337126400000,41],
[1337212800000,59],
[1337299200000,63],
[1337558400000,43],
[1337644800000,40],
[1337731200000,47],
[1337817600000,57],
[1337904000000,62],
[1338249600000,64],
[1338336000000,32],
[1338422400000,35],
[1338508800000,56],
[1338768000000,52],
[1338854400000,40],
[1338940800000,43],
[1339027200000,43],
[1339113600000,35],
[1339372800000,61],
[1339459200000,30],
[1339545600000,40],
[1339632000000,51],
[1339718400000,54],
[1339977600000,47],
[1340064000000,57],
[1340150400000,39],
[1340236800000,51],
[1340323200000,50],
[1340582400000,30],
[1340668800000,63],
[1340755200000,48],
[1340841600000,57],
[1340928000000,41],
[1341187200000,45],
[1341273600000,43],
[1341446400000,53],
[1341532800000,45],
[1341792000000,62],
[1341878400000,40],
[1341964800000,35],
[1342051200000,43],
[1342137600000,43],
[1342396800000,62],
[1342483200000,47],
[1342569600000,62],
[1342656000000,34],
[1342742400000,63],
[1343001600000,37],
[1343088000000,50],
[1343174400000,37],
[1343260800000,59],
[1343347200000,37],
[1343606400000,64],
[1343692800000,36],
[1343779200000,47],
[1343865600000,43],
[1343952000000,34],
[1344211200000,52],
[1344297600000,42],
[1344384000000,41],
[1344470400000,46],
[1344556800000,59],
[1344816000000,59],
[1344902400000,59],
[1344988800000,50],
[1345075200000,58],
[1345161600000,58],
[1345420800000,30],
[1345507200000,50],
[1345593600000,58],
[1345680000000,51],
[1345766400000,63],
[1346025600000,51],
[1346112000000,59],
[1346198400000,50],
[1346284800000,48],
[1346371200000,37],
[1346716800000,38],
[1346803200000,33],
[1346889600000,64],
[1346976000000,39],
[1347235200000,30],
[1347321600000,63],
[1347408000000,62],
[1347494400000,31],
[1347580800000,47],
[1347840000000,35],
[1347926400000,63],
[1348012800000,44],
[1348099200000,42],
[1348185600000,32],
[1348444800000,35],
[1348531200000,33],
[1348617600000,32],
[1348704000000,63],
[1348790400000,46],
[1349049600000,42],
[1349136000000,43],
[1349222400000,38],
[1349308800000,50],
[1349395200000,45],
[1349654400000,47],
[1349740800000,46],
[1349827200000,54],
[1349913600000,54],
[1350000000000,53],
[1350259200000,33],
[1350345600000,35],
[1350432000000,51],
[1350518400000,32],
[1350604800000,41],
[1350864000000,34],
[1350950400000,56],
[1351036800000,44],
[1351123200000,47],
[1351209600000,39],
[1351641600000,54],
[1351728000000,34],
[1351814400000,50],
[1352073600000,54],
[1352160000000,49],
[1352246400000,42],
[1352332800000,30],
[1352419200000,40],
[1352678400000,52],
[1352764800000,62],
[1352851200000,37],
[1352937600000,46],
[1353024000000,49],
[1353283200000,33],
[1353369600000,53],
[1353456000000,41],
[1353628800000,60],
[1353888000000,47],
[1353974400000,47],
[1354060800000,43],
[1354147200000,33],
[1354233600000,54],
[1354492800000,31],
[1354579200000,49],
[1354665600000,60],
[1354752000000,54],
[1354838400000,46],
[1355097600000,64],
[1355184000000,62],
[1355270400000,54],
[1355356800000,62],
[1355443200000,42],
[1355702400000,37],
[1355788800000,51],
[1355875200000,59],
[1355961600000,38],
[1356048000000,53],
[1356307200000,55],
[1356480000000,51],
[1356566400000,49],
[1356652800000,53],
[1356912000000,33],
[1357084800000,43],
[1357171200000,39],
[1357257600000,55],
[1357516800000,31],
[1357603200000,42],
[1357689600000,41],
[1357776000000,59],
[1357862400000,33],
[1358121600000,61],
[1358208000000,62],
[1358294400000,36],
[1358380800000,54],
[1358467200000,34],
[1358812800000,62],
[1358899200000,37],
[1358985600000,31],
[1359072000000,45],
[1359331200000,57],
[1359417600000,60],
[1359504000000,56],
[1359590400000,31],
[1359676800000,55],
[1359936000000,39],
[1360022400000,49],
[1360108800000,59],
[1360195200000,51],
[1360281600000,47],
[1360540800000,62],
[1360627200000,41],
[1360713600000,32],
[1360800000000,46],
[1360886400000,36],
[1361232000000,32],
[1361318400000,37],
[1361404800000,34],
[1361491200000,54],
[1361750400000,48],
[1361836800000,60],
[1361923200000,53],
[1362009600000,54],
[1362096000000,42],
[1362355200000,56],
[1362441600000,61],
[1362528000000,36],
[1362614400000,54],
[1362700800000,49],
[1362960000000,51],
[1363046400000,31],
[1363132800000,56],
[1363219200000,50],
[1363305600000,45],
[1363564800000,56],
[1363651200000,49],
[1363737600000,37],
[1363824000000,61],
[1363910400000,46],
[1364169600000,37],
[1364256000000,30],
[1364342400000,33],
[1364428800000,47],
[1364774400000,55],
[1364860800000,62],
[1364947200000,34],
[1365033600000,53],
[1365120000000,64],
[1365379200000,51],
[1365465600000,46],
[1365552000000,41],
[1365638400000,35],
[1365724800000,31],
[1365984000000,42],
[1366070400000,46],
[1366156800000,46],
[1366243200000,34],
[1366329600000,59],
[1366588800000,49],
[1366675200000,37],
[1366761600000,63],
[1366848000000,39],
[1366934400000,35],
[1367193600000,52],
[1367280000000,50],
[1367366400000,45],
[1367452800000,61],
[1367539200000,52],
[1367798400000,46],
[1367884800000,52],
[1367971200000,56],
[1368057600000,36],
[1368144000000,36]