[1359936000000,65.94],
[1360022400000,71.89],
[1360108800000,74.18],
[1360195200000,76.04],
[1360281600000,70.52],
[1360540800000,71.93],
[1360627200000,76.85],
[1360713600000,58.03],
[1360800000000,63.14],
[1360886400000,61.14],
[1361232000000,70.07],
[1361318400000,62.87],
[1361404800000,62.27],
[1361491200000,76.41],
[1361750400000,63.38],
[1361836800000,65.94],
[1361923200000,69.53],
[1362009600000,60.57],
[1362096000000,61.62],
[1362355200000,65.69],
[1362441600000,75.31],
[1362528000000,70.21],
[1362614400000,63.19],
[1362700800000,56.90],
[1362960000000,61.21],
[1363046400000,73.89],
[1363132800000,73.15],
[1363219200000,72.24],
[1363305600000,65.37],
[1363564800000,65.36],
[1363651200000,73.38],
[1363737600000,73.22],
[1363824000000,72.40],
[1363910400000,65.41],
[1364169600000,65.35],
[1364256000000,71.38],
[1364342400000,67.16],
[1364428800000,57.31],
[1364774400000,60.34],
[1364860800000,61.29],
[1364947200000,67.30],
[1365033600000,64.34],
[1365120000000,59.37],
[1365379200000,67.36],
[1365465600000,70.40],
[1365552000000,69.28],
[1365638400000,69.29],
[1365724800000,68.41],
[1365984000000,65.43],
[1366070400000,65.42],
[1366156800000,67.46],
[1366243200000,66.48],
[1366329600000,64.54],
[1366588800000,70.56],
[1366675200000,65.57],
[1366761600000,63.43],
[1366848000000,68.31],
[1366934400000,58.35],
[1367193600000,65.45],
[1367280000000,64.46],
[1367366400000,60.44],
[1367452800000,68.50],
[1367539200000,70.49],
[1367798400000,67.51],
[1367884800000,67.50],
[1367971200000,65.52],
[1368057600000,64.49],
[1368144000000,65.53]