[1335830400000,5197],
[1335916800000,4862],
[1336003200000,5974],
[1336089600000,6467],
[1336348800000,5641],
[1336435200000,5827],
[1336521600000,3118],
[1336608000000,5100],
[1336694400000,4351],
[1336953600000,5059],
[1337040000000,5541],
[1337126400000,4117],
[1337212800000,5958],
[1337299200000,6365],
[1337558400000,4387],
[1337644800000,4081],
[1337731200000,4710],
[1337817600000,5792],
[1337904000000,6203],
[1338249600000,6415],
[1338336000000,3207],
[1338422400000,3568],
[1338508800000,5634],
[1338768000000,5266],
[1338854400000,4016],
[1338940800000,4381],
[1339027200000,4379],
[1339113600000,3504],
[1339372800000,6121],
[1339459200000,3056],
[1339545600000,4014],
[1339632000000,5108],
[1339718400000,5403],
[1339977600000,4775],
[1340064000000,5774],
[1340150400000,3961],
[1340236800000,5104],
[1340323200000,5015],
[1340582400000,3094],
[1340668800000,6314],
[1340755200000,4895],
[1340841600000,5714],
[1340928000000,4102],
[1341187200000,4537],
[1341273600000,4325],
[1341446400000,5317],
[1341532800000,4596],
[1341792000000,6278],
[1341878400000,4085],
[1341964800000,3576],
[1342051200000,4303],
[1342137600000,4381],
[1342396800000,6282],
[1342483200000,4759],
[1342569600000,6216],
[1342656000000,3440],
[1342742400000,6399],
[1343001600000,3744],
[1343088000000,5090],
[1343174400000,3710],
[1343260800000,5978],
[1343347200000,3743],
[1343606400000,6409],
[1343692800000,3678],
[1343779200000,4778],
[1343865600000,4399],
[1343952000000,3461],
[1344211200000,5217],
[1344297600000,4207],
[1344384000000,4151],
[1344470400000,4612],
[1344556800000,5955],
[1344816000000,5922],
[1344902400000,5950],
[1344988800000,5071],
[1345075200000,5845],
[1345161600000,5873],
[1345420800000,3003],
[1345507200000,5022],
[1345593600000,5886],
[1345680000000,5159],
[1345766400000,6351],
[1346025600000,5103],
[1346112000000,5945],
[1346198400000,5099],
[1346284800000,4830],
[1346371200000,3765],
[1346716800000,3890],
[1346803200000,3378],
[1346889600000,6421],
[1346976000000,3907],
[1347235200000,3092],
[1347321600000,6312],
[1347408000000,6236],
[1347494400000,3138],
[1347580800000,4797],
[1347840000000,3592],
[1347926400000,6337],
[1348012800000,4477],
[1348099200000,4242],
[1348185600000,3220],
[1348444800000,3538],
[1348531200000,3350],
[1348617600000,3263],
[1348704000000,6329],
[1348790400000,4614],
[1349049600000,4238],
[1349136000000,4353],
[1349222400000,3851],
[1349308800000,5072],
[1349395200000,4510],
[1349654400000,4797],
[1349740800000,4675],
[1349827200000,5491],
[1349913600000,5408],
[1350000000000,5304],
[1350259200000,3376],
[1350345600000,3518],
[1350432000000,5137],
[1350518400000,3265],
[1350604800000,4119],
[1350864000000,3450],
[1350950400000,5602],
[1351036800000,4491],
[1351123200000,4759],
[1351209600000,3900],
[1351641600000,5485],
[1351728000000,3472],
[1351814400000,5066],
[1352073600000,5413],
[1352160000000,4919],
[1352246400000,4212],
[1352332800000,3079],
[1352419200000,4051],
[1352678400000,5261],
[1352764800000,6250],
[1352851200000,3701],
[1352937600000,4658],
[1353024000000,4941],
[1353283200000,3338],
[1353369600000,5309],
[1353456000000,4128],
[1353628800000,6061],
[1353888000000,4772],
[1353974400000,4737],
[1354060800000,4309],
[1354147200000,3390],
[1354233600000,5425],
[1354492800000,3140],
[1354579200000,4920],
[1354665600000,6024],
[1354752000000,5455],
[1354838400000,4651],
[1355097600000,6458],
[1355184000000,6257],
[1355270400000,5463],
[1355356800000,6222],
[1355443200000,4243],
[1355702400000,3718],
[1355788800000,5156],
[1355875200000,5950],
[1355961600000,3802],
[1356048000000,5351],
[1356307200000,5588],
[1356480000000,5109],
[1356566400000,4959],
[1356652800000,5393],
[1356912000000,3309],
[1357084800000,4355],
[1357171200000,3985],
[1357257600000,5599],
[1357516800000,3111],
[1357603200000,4210],
[1357689600000,4149],
[1357776000000,5924],
[1357862400000,3388],
[1358121600000,6184],
[1358208000000,6229],
[1358294400000,3678],
[1358380800000,5425],
[1358467200000,3465],
[1358812800000,6278],
[1358899200000,3757],
[1358985600000,3110],
[1359072000000,4522],
[1359331200000,5712],
[1359417600000,6016],
[1359504000000,5609],
[1359590400000,3182],
[1359676800000,5581],
[1359936000000,3993],
[1360022400000,4910],
[1360108800000,5904],
[1360195200000,5154],
[1360281600000,4793],
[1360540800000,6248],
[1360627200000,4139],
[1360713600000,3233],
[1360800000000,4600],
[1360886400000,3671],
[1361232000000,3289],
[1361318400000,3732],
[1361404800000,3416],
[1361491200000,5448],
[1361750400000,4814],
[1361836800000,6071],
[1361923200000,5353],
[1362009600000,5458],
[1362096000000,4221],
[1362355200000,5603],
[1362441600000,6116],
[1362528000000,3640],
[1362614400000,5432],
[1362700800000,4976],
[1362960000000,5165],
[1363046400000,3129],
[1363132800000,5670],
[1363219200000,5008],
[1363305600000,4563],
[1363564800000,5659],
[1363651200000,4926],
[1363737600000,3753],
[1363824000000,6130],
[1363910400000,4601],
[1364169600000,3728],
[1364256000000,3021],
[1364342400000,3348],
[1364428800000,4793],
[1364774400000,5546],
[1364860800000,6221],
[1364947200000,3479],
[1365033600000,5368],
[1365120000000,6447],
[1365379200000,5161],
[1365465600000,4664],
[1365552000000,4148],
[1365638400000,3535],
[1365724800000,3151],
[1365984000000,4291],
[1366070400000,4638],
[1366156800000,4651],
[1366243200000,3493],
[1366329600000,5938],
[1366588800000,4945],
[1366675200000,3779],
[1366761600000,6376],
[1366848000000,3988],
[1366934400000,3567],
[1367193600000,5218],
[1367280000000,5007],
[1367366400000,4509],
[1367452800000,6162],
[1367539200000,5249],
[1367798400000,4608],
[1367884800000,5282],
[1367971200000,5642],
[1368057600000,3665],
[1368144000000,3651]