[1359936000000,130.94],
[1360022400000,142.89],
[1360108800000,149.18],
[1360195200000,152.04],
[1360281600000,140.52],
[1360540800000,142.93],
[1360627200000,152.85],
[1360713600000,116.03],
[1360800000000,126.14],
[1360886400000,122.14],
[1361232000000,140.07],
[1361318400000,124.87],
[1361404800000,124.27],
[1361491200000,152.41],
[1361750400000,126.38],
[1361836800000,130.94],
[1361923200000,138.53],
[1362009600000,120.57],
[1362096000000,122.62],
[1362355200000,130.69],
[1362441600000,150.31],
[1362528000000,140.21],
[1362614400000,126.19],
[1362700800000,112.90],
[1362960000000,122.21],
[1363046400000,146.89],
[1363132800000,146.15],
[1363219200000,144.24],
[1363305600000,130.37],
[1363564800000,130.36],
[1363651200000,146.38],
[1363737600000,146.22],
[1363824000000,144.40],
[1363910400000,130.41],
[1364169600000,130.35],
[1364256000000,142.38],
[1364342400000,134.16],
[1364428800000,114.31],
[1364774400000,120.34],
[1364860800000,122.29],
[1364947200000,134.30],
[1365033600000,128.34],
[1365120000000,118.37],
[1365379200000,134.36],
[1365465600000,140.40],
[1365552000000,138.28],
[1365638400000,138.29],
[1365724800000,141.41],
[1365984000000,131.43],
[1366070400000,129.42],
[1366156800000,133.46],
[1366243200000,132.48],
[1366329600000,128.54],
[1366588800000,141.56],
[1366675200000,131.57],
[1366761600000,126.43],
[1366848000000,136.31],
[1366934400000,119.35],
[1367193600000,130.45],
[1367280000000,128.46],
[1367366400000,121.44],
[1367452800000,134.50],
[1367539200000,141.49],
[1367798400000,138.51],
[1367884800000,135.50],
[1367971200000,130.52],
[1368057600000,128.49],
[1368144000000,131.53]