[1359936000000,39.94],
[1360022400000,40.89],
[1360108800000,44.18],
[1360195200000,42.04],
[1360281600000,38.52],
[1360540800000,36.93],
[1360627200000,44.85],
[1360713600000,38.03],
[1360800000000,39.14],
[1360886400000,44.14],
[1361232000000,41.07],
[1361318400000,36.87],
[1361404800000,37.27],
[1361491200000,44.41],
[1361750400000,40.38],
[1361836800000,42.94],
[1361923200000,44.53],
[1362009600000,42.57],
[1362096000000,37.62],
[1362355200000,35.69],
[1362441600000,37.31],
[1362528000000,39.21],
[1362614400000,35.19],
[1362700800000,42.90],
[1362960000000,40.21],
[1363046400000,36.89],
[1363132800000,43.15],
[1363219200000,39.24],
[1363305600000,42.37],
[1363564800000,38.36],
[1363651200000,41.38],
[1363737600000,37.22],
[1363824000000,44.40],
[1363910400000,40.41],
[1364169600000,39.35],
[1364256000000,44.38],
[1364342400000,40.16],
[1364428800000,39.31],
[1364774400000,37.34],
[1364860800000,39.29],
[1364947200000,39.30],
[1365033600000,39.34],
[1365120000000,36.37],
[1365379200000,36.36],
[1365465600000,37.40],
[1365552000000,41.28],
[1365638400000,40.29],
[1365724800000,39.41],
[1365984000000,39.43],
[1366070400000,40.42],
[1366156800000,42.46],
[1366243200000,39.48],
[1366329600000,39.54],
[1366588800000,38.56],
[1366675200000,38.57],
[1366761600000,39.43],
[1366848000000,40.31],
[1366934400000,39.35],
[1367193600000,39.45],
[1367280000000,42.46],
[1367366400000,39.44],
[1367452800000,39.50],
[1367539200000,38.49],
[1367798400000,40.51],
[1367884800000,39.50],
[1367971200000,38.52],
[1368057600000,40.49],
[1368144000000,39.53]